lastAccountName: Weltherrschaft
timestamps:
  login: 1595852609079
  logout: 1595852661713
ipAddress: 49.12.122.7
lastlocation:
  world: world
  x: -32.5
  y: 64.0
  z: 189.5
  yaw: 2.8319714
  pitch: 0.0
logoutlocation:
  world: world
  x: -71.7
  y: 71.0
  z: 140.50000003365963
  yaw: 269.9998
  pitch: 89.758026
