lastAccountName: NateTheDonut
timestamps:
  login: 1595732454235
  lastteleport: 1595732779275
  logout: 1595739553166
ipAddress: 47.35.140.218
lastlocation:
  world: world
  x: -5372.862282343981
  y: 89.0
  z: 8244.365255140207
  yaw: 5.825714
  pitch: 11.099937
money: '1920.0'
logoutlocation:
  world: world
  x: -5375.929125216601
  y: 91.0
  z: 8197.244311300547
  yaw: 154.19293
  pitch: 6.899887
