lastlocation:
  world: world
  x: -33.5
  y: 64.0
  z: 189.5
  yaw: 2.4172056
  pitch: 0.0
lastAccountName: MeltedCornet52
timestamps:
  login: 1595955681584
  logout: 1595955936513
ipAddress: 104.48.255.85
logoutlocation:
  world: world
  x: -55.43163081285617
  y: 67.0
  z: 290.43999166236057
  yaw: 250.80081
  pitch: 45.15002
